0
0
0.25
1
0
0
0.904508
0.293893
0.25
1
0
0
0.5
0
0.25
1
0
0
0
0
0.25
1
0
0
1.05902
0.769421
0.25
1
0
0
0.904508
0.293893
0.25
1
0
0
0
0
0.25
1
0
0
0.904508
1.24495
0.25
1
0
0
1.05902
0.769421
0.25
1
0
0
0
0
0.25
1
0
0
0.5
1.53884
0.25
1
0
0
0.904508
1.24495
0.25
1
0
0
0
0
0.25
1
0
0
0
1.53884
0.25
1
0
0
0.5
1.53884
0.25
1
0
0
0
0
0.25
1
0
0
-0.404508
1.24495
0.25
1
0
0
0
1.53884
0.25
1
0
0
0
0
0.25
1
0
0
-0.559017
0.769421
0.25
1
0
0
-0.404508
1.24495
0.25
1
0
0
0
0
0.25
1
0
0
-0.404508
0.293893
0.25
1
0
0
-0.559017
0.769421
0.25
1
0
0
0
0
-0.25
1
0
0
0.904508
0.293893
-0.25
1
0
0
0.5
0
-0.25
1
0
0
0
0
-0.25
1
0
0
1.05902
0.769421
-0.25
1
0
0
0.904508
0.293893
-0.25
1
0
0
0
0
-0.25
1
0
0
0.904508
1.24495
-0.25
1
0
0
1.05902
0.769421
-0.25
1
0
0
0
0
-0.25
1
0
0
0.5
1.53884
-0.25
1
0
0
0.904508
1.24495
-0.25
1
0
0
0
0
-0.25
1
0
0
0
1.53884
-0.25
1
0
0
0.5
1.53884
-0.25
1
0
0
0
0
-0.25
1
0
0
-0.404508
1.24495
-0.25
1
0
0
0
1.53884
-0.25
1
0
0
0
0
-0.25
1
0
0
-0.559017
0.769421
-0.25
1
0
0
-0.404508
1.24495
-0.25
1
0
0
0
0
-0.25
1
0
0
-0.404508
0.293893
-0.25
1
0
0
-0.559017
0.769421
-0.25
1
0
0
0
0
0.25
0
1
1
0
0
-0.25
0
1
1
0.5
0
-0.25
0
1
1
0
0
0.25
0
1
1
0.5
0
0.25
0
1
1
0.5
0
-0.25
0
1
1
0.5
0
0.25
0
1
0
0.5
0
-0.25
0
1
0
0.904508
0.293893
-0.25
0
1
0
0.5
0
0.25
0
1
0
0.904508
0.293893
0.25
0
1
0
0.904508
0.293893
-0.25
0
1
0
0.904508
0.293893
0.25
0
1
1
0.904508
0.293893
-0.25
0
1
1
1.05902
0.769421
-0.25
0
1
1
0.904508
0.293893
0.25
0
1
1
1.05902
0.769421
0.25
0
1
1
1.05902
0.769421
-0.25
0
1
1
1.05902
0.769421
0.25
1
1
0
1.05902
0.769421
-0.25
1
1
0
0.904508
1.24495
-0.25
1
1
0
1.05902
0.769421
0.25
1
1
0
0.904508
1.24495
0.25
1
1
0
0.904508
1.24495
-0.25
1
1
0
0.904508
1.24495
0.25
0
1
1
0.904508
1.24495
-0.25
0
1
1
0.5
1.53884
-0.25
0
1
1
0.904508
1.24495
0.25
0
1
1
0.5
1.53884
0.25
0
1
1
0.5
1.53884
-0.25
0
1
1
0.5
1.53884
0.25
0
0.5
0
0.5
1.53884
-0.25
0
0.5
0
0
1.53884
-0.25
0
0.5
0
0.5
1.53884
0.25
0
0.5
0
0
1.53884
0.25
0
0.5
0
0
1.53884
-0.25
0
0.5
0
0
1.53884
0.25
0
1
1
0
1.53884
-0.25
0
1
1
-0.404508
1.24495
-0.25
0
1
1
0
1.53884
0.25
0
1
1
-0.404508
1.24495
0.25
0
1
1
-0.404508
1.24495
-0.25
0
1
1
-0.404508
1.24495
0.25
0.5
0.5
0
-0.404508
1.24495
-0.25
0.5
0.5
0
-0.559017
0.769421
-0.25
0.5
0.5
0
-0.404508
1.24495
0.25
0.5
0.5
0
-0.559017
0.769421
0.25
0.5
0.5
0
-0.559017
0.769421
-0.25
0.5
0.5
0
-0.559017
0.769421
0.25
0
1
1
-0.559017
0.769421
-0.25
0
1
1
-0.404508
0.293893
-0.25
0
1
1
-0.559017
0.769421
0.25
0
1
1
-0.404508
0.293893
0.25
0
1
1
-0.404508
0.293893
-0.25
0
1
1
-0.404508
0.293893
0.25
0.69
0.75
0.1
-0.404508
0.293893
-0.25
0.69
0.75
0.1
0
0
-0.25
0.69
0.75
0.1
-0.404508
0.293893
0.25
0.69
0.75
0.1
0
0
0.25
0.69
0.75
0.1
0
0
-0.25
0.69
0.75
0.1
