0
0.3
0
1
0
1
-0.259808
0.15
0
1
0
1
0
0
0.4
1
0
1
0
0.3
0
1
1
0
-0.259808
0.15
0
1
1
0
0
0
-0.4
1
1
0
-0.259808
0.15
0
1
1
1
-0.259808
-0.15
0
1
1
1
0
0
0.4
1
1
1
-0.259808
0.15
0
0
0
0
-0.259808
-0.15
0
0
0
0
0
0
-0.4
0
0
0
-0.259808
-0.15
0
1
0
1
-8.32667e-17
-0.3
0
1
0
1
0
0
0.4
1
0
1
-0.259808
-0.15
0
1
1
0
-8.32667e-17
-0.3
0
1
1
0
0
0
-0.4
1
1
0
-8.32667e-17
-0.3
0
1
1
1
0.259808
-0.15
0
1
1
1
0
0
0.4
1
1
1
-8.32667e-17
-0.3
0
0
0
0
0.259808
-0.15
0
0
0
0
0
0
-0.4
0
0
0
0.259808
-0.15
0
1
0
1
0.259808
0.15
0
1
0
1
0
0
0.4
1
0
1
0.259808
-0.15
0
1
1
0
0.259808
0.15
0
1
1
0
0
0
-0.4
1
1
0
0.259808
0.15
0
1
1
1
0
0.3
0
1
1
1
0
0
0.4
1
1
1
0.259808
0.15
0
0
0
0
0
0.3
0
0
0
0
0
0
-0.4
0
0
0
